CM_DON_96h_WH1.mzXML: Peak Area
20951.684
245949.69
73032.91
144908.7
127904.34
245949.69
198505.47
144908.7
51922.17
51922.17
51922.17
110049.414
39554.54
49222.215
39554.54
31636.584
61088.715
264752.6
31135.63
45602.594
355009.72
3.3534456E7
6884488.5
4230797.5
323628.44
149069.27
89564.38
57557.22
33288.633
1775695.9
1234208.2
323628.44
36099.785
36099.785
36099.785
6924640.5
49773.746
41714.715
4287845.0
3.3865436E7
323628.44
112818.5
771751.0
37924.492
22467.912
41184.21
55022.523
70915.68
21747.697
227854.0
24791.896
24791.896
20730.936
42800.707
22691.352
132827.11
222103.22
132827.11
1522533.6
43417.285
50792.496
25473.197
2729788.8
54993.105
47822.51
2729788.8
105972.47
54993.105
109631.46
362547.03
186254.16
428687.1
24020.506
70213.484
208217.06
1022348.25
55483.113
17496.504
36767.105
22829.521
74162.47
17905.555
317849.6
17905.555
36767.105
42073.41
95034.664
48169.562
95034.664
33549.6
1836199.9
21736.363
1838499.2
21736.363
34613.137
124537.18
124537.18
1296916.5
19419.262
18173.281
127714.84
136646.62
209453.92
759113.56
711031.1
209453.92
759113.56
565277.1
56176.34
65690.23
65690.23
31331.82
33133.82
70126.42
142193.64
87235.875
12013.238
853213.9
15857.843
517120.2
273887.1
70126.42
13684.646
151898.47
35399.598
31415.059
31415.059
16248.318
6775048.5
51141.766
51141.766
51141.766
1.6414161E7
27894.979
7702760.5
1.6414161E7
6775048.5
121350.26
45064.09
73521.664
24813.242
289578.22
2063508.0
118550.83
6373374.0
1392748.2
18542.008
96031.59
151483.4
250684.78
202203.78
209741.11
20518.812
202203.78
242233.53
123552.44
6028452.0
134654.92
566871.9
30077.984
154235.55
154235.55
89357.64
172000.95
389427.97
188984.92
389427.97
796804.7
188984.92
127880.945
331847.3
128386.43
205945.48
1510652.2
513390.5
856447.5
362187.5
766100.0
511542.2
331847.3
127880.945
217984.88
1510652.2
378809.66
222919.95
1309798.0
279641.7
56389.008
115526.62
82886.0
389427.97
508014.34
111582.02
216775.48
142501.61
86499.74
16249.982
143620.55
143620.55
138634.81
80566.516
115738.83
158251.92
17236.346
3593868.8
20448.178
936868.1
3593868.8
158251.92
1350947.0
222881.52
87646.91
18005.803
210620.58
21669.584
56326.793
24044.68
474393.1
474393.1
452497.2
358786.22
209708.44
233663.98
43469.684
138585.81
46299.42
48129.35
8982.863
17384.549
251968.77
44345.492
124898.305
471489.66
48144.61
51694.664
209708.44
46299.42
251968.77
452497.2
138585.81
1924472.9
339198.84
1921336.1
339198.84
109033.14
158618.86
97845.055
37881.457
23860.37
12337.906
40356.13
1888890.6
51964.555
7844265.5
90558.82
229854.92
27773.129
9267.437
29314.062
280182.34
86665.65
158618.86
380486.9
455630.88
840195.5
20422.82
53688.99
21941.805
49118.906
25618.777
141920.56
111390.984
20921.729
81675.125
3427646.8
284500.53
158592.02
17877.791
6301077.0
29623.77
45100.266
970223.56
20921.729
17877.791
47807.95
6303173.0
376541.3
38262.902
17877.791
6303173.0
38262.902
17877.791
376541.3
6303173.0
38262.902
6303173.0
17877.791
376541.3
38262.902
970223.56
47807.95
142135.58
274218.3
120581.4
142135.58
274218.3
10281.904
376541.3
17877.791
29872.244
101344.21
18434.865
101344.21
18434.865
941434.3
105899.76
123766.97
25711.625
24843.086
168613.89
588970.75
1015663.7
35566.812
26749.83
133338.27
16898.594
149432.22
36724.4
1668532.4
56215.887
67526.625
32446.152
476739.25
67526.625
15692.779
1367741.5
36933.223
5387711.0
33420.06
24054.184
5387711.0
33420.06
378475.84
678822.4
11514.425
378475.84
678822.4
11514.425
15692.779
15692.779
19326.777
37484.188
476441.66
781922.06
393188.2
781922.06
37832.203
1.0861166E7
1417235.5
1141630.0
342846.84
318473.44
87245.984
74207.32
20687.404
393188.2
781922.06
21737.072
7460344.5
18774.754
27837.416
21965.607
21965.607
13978.877
1417235.5
1141630.0
318473.44
7460344.5
74207.32
14538.503
485648.5
15866.201
489713.34
94474.41
75531.86
165012.69
231253.27
70294.734
72642.74
205156.2
361421.97
190871.17
119628.5
12123.912
101585.695
11911.33
395921.3
101585.695
707494.75
1.5462227E7
70086.016
95140.336
144031.12
16956.283
2618448.0
20500.842
1421567.1
524909.7
243895.69
1805328.5
6603931.5
20500.842
21371.637
498349.1
707494.75
177701.33
465938.8
95140.336
8344.042
48564.902
9887229.0
126948.83
94234.945
66388.05
1257517.6
98415.73
162400.5
574090.2
123917.555
70086.016
6047.1504
1.5462227E7
116836.19
561632.44
465938.8
95140.336
126948.83
1257517.6
1.5462227E7
10784.557
1079647.1
22431.584
1151561.6
10784.557
1079647.1
22431.584
57813.65
40114.434
205065.25
56044.516
24185.584
1151561.6
467916.78
43666.52
205065.25
30309.1
38335.234
48564.902
54893.91
132502.97
27810.746
1151561.6
20198.443
467916.78
427795.06
16004.306
63992.105
176348.3
24101.686
20419.162
31531.771
198759.61
48912.918
65995.08
78247.62
13297.801
21029.586
262033.0
1203669.5
19402.389
1203669.5
34406.383
81167.92
145266.2
47053.684
262033.0
1203676.8
73094.945
142367.56
96935.766
374875.7
145266.2
49982.43
16891.15
428240.8
313297.62
17685.033
17069.932
934620.44
577355.7
657861.56
657861.56
73094.945
376827.25
195996.66
195996.66
73094.945
164617.55
87517.33
378317.28
195996.66
113707.195
55373.445
95299.68
153590.39
73094.945
164617.55
26658.898
1786594.5
14547.7705
64881.605
78638.34
151449.0
1654765.6
2793866.8
95299.68
78638.34
151449.0
1786594.5
15231.448
345179.16
2793866.8
69432.42
87517.33
345179.16
1032533.4
1032533.4
252578.92
49009.754
69432.42
906212.2
3299897.5
71903.63
104639.98
31452.312
49009.754
3299897.5
235328.4
104639.98
95311.61
11602.153
68190.63
41610.074
20384.74
1057759.4
369361.06
171958.97
526435.6
68190.63
41610.074
222031.67
95311.61
306244.97
20384.74
1057759.4
11602.153
1501822.0
25872.443
1047520.0
38585.25
546349.06
38925.44
368047.5
38925.44
635044.25
417863.03
1.2107326E7
93366.16
546349.06
200558.9
45530.11
46398.1
1.2107326E7
93366.16
168280.16
268323.1
62266.44
124884.664
553831.44
11372.388
173178.64
31503.418
19769.238
194484.2
3027186.2
58803.664
84913.62
29129.629
9750.291
84913.62
3027186.2
58803.664
62266.44
573816.25
6741.576
5224326.0
116256.266
71006.45
84913.62
2314458.5
95167.35
573816.25
1548837.0
534276.7
1.3656472E7
6741.576
5224326.0
200558.9
534276.7
850918.25
88912.266
347755.25
295227.94
127743.59
1548837.0
526583.94
37340.555
123862.97
526583.94
15603.61
77727.74
409870.0
127743.59
295227.94
432564.38
134312.38
19882.04
412942.62
581076.7
14169.874
18176.707
97962.84
83579.48
320899.7
45238.945
415108.16
320899.7
45238.945
22770.049
48265.28
89087.15
21129.188
103846.58
8927708.0
40066.582
977591.4
8927708.0
40066.582
8927708.0
40066.582
493786.9
7175803.5
440656.03
64793.543
652972.8
1.119477E7
652972.8
440656.03
677064.3
60179.457
8856.701
141722.03
99645.59
349070.84
3154073.0
493786.9
28141.781
97028.016
196469.73
79366.85
133829.98
61183.895
626840.06
1.119477E7
652972.8
67408.57
66059.36
3154073.0
440656.03
7175803.5
60179.457
311749.22
37509.47
1.7018644E7
1.7018644E7
21064.752
349070.84
28752.746
99645.59
626840.06
60743.617
931190.3
914582.25
3154073.0
945133.06
493786.9
311749.22
153997.39
10643.537
208611.03
14817.276
3285770.0
60743.617
37509.47
1.7018644E7
259246.11
14372.373
4390037.0
604758.06
14372.373
200587.61
45203.79
23114.455
4390037.0
540670.25
55607.656
4602112.5
55072.07
155927.39
449736.12
914582.25
55367.758
341719.72
17126.572
56849.92
4602112.5
4602112.5
50412.594
1253760.8
799127.9
9402.209
180504.62
11822.125
243836.05
9338.451
607218.1
1352064.2
310754.2
176588.69
39480.87
11158.135
880968.5
4363561.0
310754.2
36508.727
38216.85
146070.08
423433.38
69292.91
120249.09
39480.87
7030736.5
159321.06
880968.5
1352064.2
180650.56
21239.5
204439.03
199907.73
46281.273
24385.32
180650.56
6399399.0
238583.88
238583.88
58446.625
42275.992
46281.273
709766.9
36999.32
4.368316E7
9596403.0
615989.44
45019.195
342914.97
8820483.0
4.368316E7
53812.914
27868.068
9597047.0
615989.44
45019.195
707117.75
692821.6
342535.12
66106.58
303708.03
63074.875
342535.12
66106.58
154046.34
13552.04
162106.05
77283.05
351342.38
664565.94
29607.748
39672.086
358573.1
2233615.8
2233615.8
53583.742
42672.336
31825.916
46074.367
3431740.5
3431740.5
26029.25
111641.086
294672.56
37193.496
114200.26
77068.33
30876.656
2054870.4
43682.14
361873.38
104801.086
36592.008
11952.222
11952.222
184588.97
30777.527
492521.44
4353100.0
1353137.9
184588.97
30777.527
133830.5
89879.74
28948.264
326664.03
1107220.5
492521.44
108537.87
4353100.0
203688.81
1353137.9
78021.29
1029061.06
12307.407
119595.15
1871283.4
47651.79
2396203.2
1280828.8
641975.1
41077.434
516022.0
27338.578
783161.1
184588.97
58794.543
22653.82
249107.02
156791.33
882312.2
612935.1
2396203.2
641975.1
516022.0
40398.45
53895.848
783161.1
249107.02
252297.73
2158670.2
2841669.8
213682.45
102335.75
15067.584
492521.44
222183.94
166701.05
76185.984
103838.58
65850.0
547729.2
180839.1
154491.34
61246.73
2230155.8
391548.16
156816.31
738117.6
178664.1
547729.2
7073752.5
2230155.8
178664.1
7073752.5
156816.31
59881.938
1875182.6
71894.62
273140.25
259546.88
32971.996
2225829.5
412048.97
18643.701
273140.25
256816.83
156816.31
1875182.6
156190.94
273140.25
256816.83
322640.38
50698.3
873796.1
873796.1
21838.291
68252.33
19647.055
8353309.0
946768.1
36863.844
68816.56
73907.72
81817.7
43765.31
18294.062
159818.16
621909.75
147000.03
147000.03
16513.564
8394.857
7222.7173
602143.3
753366.75
313535.8
15190.103
12041.334
149344.23
436480.84
313535.8
621909.75
79485.16
753366.75
602143.3
1823385.9
398553.97
13867.013
177590.78
84600.836
8385096.0
948754.6
70209.445
633069.75
41533.945
17781.943
162028.89
5892015.0
306259.28
1577736.9
30424.832
27937.928
29798.967
69519.4
70209.445
633069.75
14926.264
14926.264
162028.89
46358.656
1577736.9
5892015.0
27937.928
23178.04
11607.156
29798.967
96684.14
177578.92
53310.125
76388.76
306259.28
116658.17
4608868.0
102364.6
53947.414
14926.264
32729.22
1742596.0
245923.12
102364.6
168494.69
50897.656
4608868.0
24080.191
31619.428
44381.31
245923.12
50897.656
128335.02
314361.34
251305.9
166745.66
193216.98
812745.06
107067.47
45862.664
35631.094
251305.9
14318.941
340218.62
71049.016
85179.75
159559.9
749061.94
28544.312
638309.1
90007.6
279336.06
237869.6
74010.24
89105.28
63366.18
748105.94
9150.571
198930.3
227610.27
5472202.5
292142.28
54774.76
1024484.94
748105.94
994812.44
853333.44
275220.22
59032.85
427388.0
96217.984
106808.484
1576676.0
292142.28
389614.06
1368430.1
134526.16
266975.3
65792.19
14956.879
1024484.94
3433479.5
8202.438
279920.22
54352.598
55001.184
3491704.5
1368430.1
59571.164
333326.4
266975.3
3499211.5
279920.22
250663.5
129569.75
89228.92
180316.05
79746.81
59571.164
3499211.5
95209.89
52315.324
42831.508
204819.48
18053.748
310504.75
79670.99
879810.4
140382.11
193216.98
11900.764
34306.49
29187.668
2211526.0
43641.543
43641.543
2211526.0
108815.35
143280.84
10681.785
679198.5
145943.53
1141812.1
2127360.2
30209.744
35918.332
756831.6
314820.4
534774.1
297736.06
7911.6655
2127360.2
18360.547
201470.61
84570.164
10384.492
1141812.1
20362.803
1834596.8
671336.6
314820.4
534774.1
87921.49
84570.164
133521.53
671136.94
46405.477
18360.547
69582.73
301402.12
2127360.2
547551.75
1141812.1
11926.275
264700.03
133521.53
671136.94
29691.922
1656317.1
95140.53
111054.1
70215.695
1841177.4
2084301.2
95140.53
20362.803
682322.3
489618.8
11334.06
757184.06
2084301.2
757184.06
502136.72
197380.2
18358.47
31855.725
192849.05
77746.62
448584.22
25938.68
1656317.1
60882.14
62728.87
213017.4
95516.7
204694.66
55704.727
241505.86
36205.25
16596.88
36292.7
29691.922
253143.8
50972.008
1656317.1
223568.64
115835.03
27591.672
13745.64
1169939.8
95733.69
225573.83
31348.602
301080.25
95733.69
528854.8
37870.14
51690.227
172338.4
478901.78
13043.616
2242288.8
300138.97
1080938.6
11103.816
77480.664
249723.98
193759.53
506981.06
149988.58
9613.736
1080938.6
11103.816
103278.51
38477.027
103278.51
117212.5
103278.51
33076.69
782252.8
739971.4
58941.38
32242.953
101134.15
31807.906
32242.953
782252.8
189116.67
739971.4
117212.5
79965.43
33169.74
199179.38
149316.9
507411.38
546172.6
1033779.2
679981.56
679981.56
442542.72
248248.72
507411.38
1033779.2
20583.814
558399.1
201018.25
40808.934
613492.7
189401.0
643236.3
1367294.2
1307163.4
454444.75
103278.51
238732.38
454444.75
103278.51
611720.6
238732.38
227504.27
267737.84
15568.911
1367294.2
1299082.8
35151.375
13317.923
227504.27
18935.361
558399.1
50489.832
80379.9
202060.6
201018.25
40808.934
45789.242
442542.72
613492.7
344043.2
679981.56
507411.38
189401.0
50266.85
1180385.5
159273.77
546172.6
26988.383
1370155.0
73574.055
7053.1396
1312014.6
454444.75
663710.06
248248.72
243462.75
302583.9
1033779.2
20583.814
15852.654
995194.56
120653.91
1560080.4
1560080.4
227504.27
15568.911
384164.25
17734.56
122425.54
120653.91
2866644.2
344591.44
17275.018
16695.63
1009918.5
2891336.2
40482.47
18767.914
335678.94
151085.84
151085.84
50600.07
2891336.2
100679.766
13323.651
16695.63
1009918.5
304816.28
103782.086
145897.1
391135.06
45463.125
151085.84
2891336.2
30549.396
51928.176
46315.688
378168.47
81954.0
153879.97
60716.387
378168.47
81954.0
101371.055
153879.97
60716.387
405234.72
23320.92
60716.387
499696.56
78158.71
2166315.2
464669.94
258960.12
816742.56
3435786.0
499696.56
22102.867
78158.71
973640.94
214212.92
378168.47
5256948.0
198270.16
387769.66
5807845.0
2.3384104E7
19393.46
2166315.2
11185.894
372990.22
2166315.2
35565.277
23320.92
5807845.0
2.3384104E7
19393.46
27684.082
2.3384104E7
5807845.0
94243.22
417978.22
45824.887
27684.082
2.3384104E7
2.3384104E7
1430355.6
299114.22
24070.066
98816.06
94243.22
2166315.2
38857.336
97231.78
368507.5
417978.22
45824.887
5807845.0
342868.97
168423.86
5256948.0
198270.16
417978.22
45824.887
322585.16
2909157.0
17430.379
63642.508
996534.25
266117.8
159306.9
315179.4
53628.746
1417509.2
552938.0
1346661.5
985737.44
981624.9
167963.23
130334.68
1160546.0
667603.4
177316.86
372736.25
53701.95
2699032.8
206681.22
29430.75
338253.3
9278.646
112062.77
996534.25
394022.78
19362.988
63642.508
266117.8
233850.42
159306.9
57574.703
339679.12
1427495.8
552938.0
1346661.5
126507.086
16065.39
69701.44
167963.23
24895.121
130334.68
1160546.0
16987.107
667603.4
177316.86
54721.277
372736.25
2673033.8
8641.039
206681.22
5579410.5
1597700.0
175706.02
30810.955
120539.73
42984.707
226725.98
5579410.5
5579410.5
6857.1235
34715.062
175706.02
206681.22
2131033.0
9052.992
1593657.8
39452.203
25455.18
931189.75
197246.25
109457.01
2673033.8
206681.22
35878.2
106766.836
121853.62
42984.707
277756.7
205438.72
14687.924
11500.192
292501.5
203699.31
120674.234
120674.234
1565794.2
82539.94
8995.776
33078.89
13281.02
14341.137
1565794.2
47061.438
74827.43
174967.23
86079.016
63976.758
92602.62
120674.234
2226704.8
1.1407028E7
4143456.2
907699.3
105349.72
59283.254
20607.77
221675.19
221675.19
2226704.8
1.1407028E7
41995.81
11233.076
907699.3
4143456.2
151491.39
93696.53
116654.98
56044.906
56044.906
59283.254
92169.01
116654.98
20607.77
2026618.9
2016276.0
41650.664
2025198.6
41650.664
441693.4
103846.17
164025.38
15697.632
2016276.0
2026618.9
41650.664
73294.64
36056.387
162034.34
15697.632
76935.25
151057.75
144165.02
31229.96
207448.72
198112.64
441693.4
49779.844
117251.3
62414.824
103846.17
148976.56
2026618.9
43394.0
207448.72
146879.58
151057.75
33996.8
1157792.4
347101.2
76935.25
148542.92
144165.02
1157792.4
63859.27
83738.44
210096.92
146754.92
347101.2
106597.74
570117.75
172572.69
149842.86
673357.3
12997.66
61998.637
61998.637
149842.86
106597.74
257833.5
63736.11
40880.01
78027.56
210096.92
257833.5
178738.73
48248.97
179879.45
40880.01
61998.637
63159.492
7243740.5
58813.816
130475.195
7243740.5
210599.27
58813.816
48248.97
7243740.5
137927.39
257833.5
178738.73
174060.97
130475.195
566504.25
48248.97
50731.14
155943.23
118361.22
269832.2
179879.45
40880.01
61998.637
63159.492
810937.4
54889.97
84793.13
172572.69
7243740.5
58813.816
54423.92
118361.22
137927.39
85399.95
23999.217
42217.49
198631.39
89563.57
185732.86
69925.39
673357.3
116352.14
2961193.0
623744.06
1070619.0
1161140.8
921557.56
63866.7
623744.06
1161140.8
14841.405
8231315.0
341353.53
2924173.2
32784.094
46943.87
19982.438
411261.5
21360.945
14841.405
579259.6
2961193.0
8241971.5
623744.06
19982.438
72496.06
66311.875
126983.914
773917.9
158310.67
1070619.0
2924173.2
1161140.8
19982.438
175911.88
29987.725
126983.914
574315.56
115508.66
19982.438
175911.88
29987.725
69820.91
17192.389
135904.81
69482.02
157615.94
142810.42
17046.246
103566.75
595020.9
94916.1
91097.7
22175.184
74348.09
56710.062
16775.62
100184.766
91552.484
30313.408
145571.38
76106.305
14015.461
59989.625
54071.332
100184.766
1687030.6
50616.938
127746.31
547946.44
1665269.8
76106.305
12982.245
125211.23
14015.461
64840.098
2428858.8
28554.0
61063.96
545008.1
386847.2
97706.13
531895.06
68610.02
547692.5
28240.758
40542.582
386040.6
253543.4
41798.168
875423.0
4410396.0
37045.91
122089.375
555030.25
1062337.5
49451.55
23492.332
97706.13
531895.06
18293.057
250730.9
73974.336
73974.336
21319.602
875423.0
109749.69
4410396.0
250730.9
63229.78
555030.25
1262546.4
1062337.5
36633.516
4375425.0
63229.78
131640.86
2228088.0
6500719.0
101347.56
250730.9
36633.516
32186.736
24870.61
70331.2
15615.618
4375425.0
288934.12
389010.94
204359.66
1194042.2
6500719.0
2928081.8
152191.17
185216.05
1262546.4
465019.66
460074.97
2228088.0
131640.86
1194042.2
6500719.0
59799.91
460074.97
2228088.0
70331.2
776499.8
288934.12
185216.05
49012.76
192036.58
110802.54
217403.67
18781.066
3376734.8
12359.111
22095.977
91909.55
3376734.8
217403.67
12359.111
22095.977
15676.259
334070.97
26855.56
21324.277
18661.104
90394.5
38625.1
2928081.8
334070.97
69639.91
15615.618
776499.8
749680.0
321831.44
188438.55
21254.41
346858.62
94122.125
1588930.1
17590.428
281310.06
217403.67
18781.066
3376734.8
12359.111
22095.977
21254.41
113219.06
231489.06
346858.62
742799.94
17383.104
23151.936
94122.125
776499.8
1588930.1
17590.428
281310.06
178844.16
1028578.75
28674.809
8742204.0
2952743.8
538205.2
169706.4
56813.9
82128.65
8742204.0
2952743.8
60311.625
138932.73
44990.19
890307.75
60311.625
3826117.5
208838.25
48393.23
3833411.2
208838.25
148319.2
48393.23
24354.58
335564.03
82047.96
189913.47
895753.5
1415813.8
5112063.0
179124.14
469049.4
1644964.8
46772.594
17191.807
8971.28
177168.88
379373.78
5041238.0
192943.25
52885.74
159968.83
1642028.8
1413688.2
179124.14
469049.4
211716.4
260633.42
104752.07
78684.32
1106124.8
451297.66
145058.62
98629.72
45702.37
40367.992
1005156.0
1110318.1
26322.014
224835.19
444395.97
97783.97
502223.88
133826.05
98629.72
21656.885
97783.97
433705.12
277809.3
502223.88
45215.79
157292.4
420682.78
879514.44
148463.9
44869.93
416199.3
879514.44
41148.96
93212.4
946762.25
20260.3
148463.9
416199.3
148463.9
227089.88
746424.9
1623621.6
183085.9
7144569.0
70381.555
123952.97
331219.28
1538415.0
48631.574
1623621.6
7144569.0
717097.56
160370.27
35492.91
93212.4
946762.25
88535.72
15416.25
42155.555
290678.34
522313.75
37203.465
928269.2
88535.72
227089.88
142082.83
11772.98
93212.4
946762.25
290678.34
15416.25
42155.555
146223.22
177734.8
348334.88
417788.03
285615.3
158921.0
2905284.0
101139.06
522313.75
37203.465
928269.2
23876.713
99471.14
1002371.44
41056.082
47184.87
17485.123
613934.3
46987.82
1448821.8
338747.34
68952.15
786901.2
39524.72
142216.14
263001.2
263001.2
6340.005
69570.54
40925.055
143237.31
24239.547
129399.2
143237.31
24239.547
699999.56
1064747.1
12938.936
247599.77
247575.52
46073.38
12938.936
561395.0
19507.379
406343.94
794625.1
109217.66
406343.94
37193.188
50293.9
794625.1
393594.66
794625.1
320354.6
168697.92
538659.6
15437.633
265052.22
320354.6
17530.428
57198.88
525056.7
563500.56
2363097.8
1347192.4
383058.97
383058.97
525056.7
501824.38
664612.0
5058943.0
5058943.0
392441.8
1080571.5
26992.93
879677.2
753853.56
2572972.5
7695229.0
7695229.0
44423.8
247211.83
1944788.1
4959953.0
417674.7
1080571.5
26992.93
879677.2
747648.94
753853.56
2572972.5
247211.83
1944788.1
7695229.0
26992.93
1080571.5
150648.5
594357.7
465245.12
11438.144
41394.98
55141.496
272698.62
77333.164
1680021.4
506141.03
14455.088
1207822.4
146097.0
639770.1
513208.38
342421.3
1207822.4
1680021.4
639770.1
639770.1
269310.16
639770.1
20680.143
256622.9
1677279.4
500477.38
260573.0
56545.29
890544.2
19122.479
18757.082
565619.9
159666.97
1207822.4
146097.0
594357.7
68413.734
16474.979
16787.652
668964.75
256622.9
159666.97
890544.2
16474.979
30391.654
668964.75
59311.387
168431.28
100937.016
123444.73
105406.516
59311.387
168431.28
133432.36
464133.9
159666.97
256622.9
284489.03
48797.367
694061.1
70328.12
1.4319398E7
70116.54
464133.9
17788.305
1812172.1
133432.36
183455.31
58003.89
67422.22
1.5073392E7
280638.9
638950.8
72696.086
1.2068103E7
287141.12
94685.14
68009.95
133340.52
24108.652
1.5073392E7
464133.9
67422.22
280638.9
638950.8
72696.086
694061.1
70328.12
1.4319398E7
287141.12
94685.14
68009.95
133340.52
1.2068103E7
197277.53
214077.36
121780.45
49728.164
1176532.5
205130.56
732375.3
19917.432
1176532.5
205130.56
135555.05
732375.3
139841.55
63276.17
246446.94
50075.58
457745.66
86890.96
27220.973
551313.4
5148796.5
2415687.2
7688389.0
3295982.2
7688389.0
84011.86
3295982.2
5148796.5
2415687.2
1.1730744E7
290148.62
5.039692E7
5305681.0
52186.418
290148.62
811560.44
5913500.5
1.1730744E7
290148.62
52186.418
22315.723
2.207584E7
1401491.0
2.207584E7
191055.83
1401491.0
16642.428
314791.03
568770.1
55314.465
724324.0
225914.05
408827.4
225771.95
41234.58
1026016.25
408827.4
205935.3
99599.08
402761.47
55751.484
447490.47
1015228.4
728013.0
402761.47
447490.47
99599.08
2294759.0
49534.035
20973.959
156374.48
5417900.0
112075.67
20973.959
5417900.0
112075.67
7386776.5
5071014.5
8238169.5
5431001.0
301763.94
176674.33
402995.8
254865.14
7386776.5
8238169.5
5083540.5
5414824.5
173121.06
397012.62
254865.14
339980.0
24090.518
635414.2
67752.086
79103.92
232538.19
11633.113
79103.92
53457.336
60628.24
89673.4
21291.535
34987.883
17871.04
29587.992
143553.8
216837.3
92368.45
53457.336
1078226.2
35250.758
76377.18
131584.69
1479278.1
2195348.0
157613.11
92368.45
107522.31
1479278.1
2195348.0
107522.31
39447.555
368054.8
164668.05
437917.7
428289.16
368054.8
164668.05
36687.13
437917.7
431164.97
428289.16
50415.062
13683.606
17871.04
78381.0
9119.861
54643.555
236904.9
192979.88
64516.984
88458.28
234962.33
236904.9
19657.69
592510.8
234962.33
158405.12
217611.14
182726.14
350127.97
12431.864
64337.75
60119.805
350127.97
361780.78
480132.84
13829.312
13829.312
480132.84
158405.12
182726.14
244665.55
83887.06
14509.162
382212.4
78663.97
471477.3
66425.875
175475.83
65649.625
49116.02
65753.79
681680.7
74361.33
15092.891
66754.74
49116.02
469971.97
15093.852
73109.516
274607.62
470739.53
413926.44
25463.809
945476.75
470739.53
413926.44
573083.5
573083.5
475887.12
15823.058
945476.75
475887.12
16954.666
945476.75
75107.49
88990.82
109837.85
48043.06
108645.16
65365.25
39901.49
1072101.8
65202.68
65202.68
16495.273
16495.273
30613.404
1072101.8
1072101.8
319474.16
319474.16
1.1393368E7
1.1393368E7
9280279.0
9280279.0
39901.49
83112.64
5904593.5
49513.863
381155.06
381155.06
90179.195
269150.88
265737.0
29182.205
567290.56
205142.34
811919.9
158839.31
269150.88
324681.72
36355.855
245531.52
175816.38
512054.75
347672.75
5841085.0
9280279.0
255512.8
250977.17
286015.8
8255.314
255512.8
811919.9
158839.31
60090.98
250977.17
347672.75
70939.03
142760.31
17985.465
102975.055
775463.7
15764.677
22769.936
19491.807
97829.69
99487.77
50475.703
29936.715
116232.85
286015.8
410696.6
132283.28
10605.262
65344.805
116232.85
142760.31
6213.407
286015.8
804320.44
17985.465
20962.014
23385.94
108237.164
57735.215
56210.973
72875.266
17738.676
804320.44
130942.445
17804.348
95908.72
636890.9
804320.44
485761.38
509766.16
119834.91
57735.215
72875.266
485761.38
509766.16
96699.07
39273.355
26343.514
11213.003
34840.035
1727015.4
185074.83
101567.93
205857.1
485761.38
1727015.4
12635.195
509766.16
126252.36
186636.27
306648.66
75458.19
1635155.4
126781.91
1727015.4
105229.336
26343.514
11213.003
186636.27
52972.33
68195.65
306648.66
34840.035
33959.176
75458.19
405687.2
1635155.4
53489.91
12052.025
606969.06
18592.633
249964.53
57118.098
428903.22
18592.633
104144.26
249964.53
25868.645
57118.098
428903.22
112423.9
123323.75
16351.302
422289.8
183806.0
422289.8
183806.0
25868.645
606969.06
112423.9
35023.203
419499.34
123323.75
606969.06
29639.59
208810.48
114225.99
123693.31
53691.746
183806.0
422289.8
102338.73
78123.9
139920.7
230230.34
64841.453
8453.999
140545.17
7159439.5
1413961.8
19469.135
210705.72
148219.77
1413961.8
3629434.0
96911.375
33158.492
64841.453
8453.999
56012.14
140545.17
1413961.8
7159439.5
102338.73
99928.07
27694.268
25598.531
22412.11
53691.746
91508.79
137285.2
47038.008
69601.02
457349.8
13691.121
808333.9
70144.44
1413961.8
331535.38
26865.229
223690.8
44279.87
11609.773
44279.87
11609.773
808333.9
222511.27
12086.493
23745.977
14313.533
267540.3
127580.85
38494.316
59477.227
267540.3
54379.316
87997.33
19447.264
20001.422
20180.738
54379.316
109711.81
144682.61
64807.3
127580.85
15469.6875
54379.316
14313.533
357382.25
20776.922
182504.7
204637.83
172712.52
204637.83
172712.52
58706.664
20001.422
1366217.2
64807.3
1863257.2
13257.68
111009.44
146364.66
357382.25
20776.922
182504.7
210352.88
28224.783
111009.44
146364.66
111009.44
267676.03
28508.445
217014.66
34690.73
251028.5
58705.086
129453.88
267676.03
260864.77
333309.88
257659.61
292635.88
352755.3
19440.55
162074.67
58705.086
217635.14
106078.055
103787.56
307468.25
82014.13
1452038.8
103787.56
470825.12
765295.8
252419.98
9139.134
307468.25
1452038.8
1065129.1
827981.8
307468.25
82014.13
452963.9
103787.56
753245.7
16166.195
1452038.8
50930.11
252419.98
2978416.5
180247.77
106078.055
16332.056
112414.59
237539.89
238363.42
140290.31
8946.918
452963.9
1198511.8
50930.11
32921.094
559582.3
533418.8
10265.51
399773.53
27510.314
827981.8
229787.72
753245.7
237539.89
16332.056
399773.53
16166.195
49284.75
827981.8
229787.72
753245.7
452963.9
1198511.8
399773.53
315456.38
197385.0
25276.318
616050.06
39678.324
229787.72
27510.314
4076141.8
239968.6
239968.6
4076141.8
41273.664
30754.756
23664.56
88433.85
56177.66
23664.56
12830.417
102069.15
9269.5205
22757.893
22757.893
11064.426
44863.44
9773.102
8007.836
39892.15
60091.99
152897.52
48842.414
128773.93
153366.7
597470.5
81177.875
127415.09
77094.414
285594.88
1166958.8
1933119.8
45139.62
127415.09
152897.52
48842.414
1933119.8
40296.754
127415.09
23272.068
1933119.8
22279.445
81177.875
65880.03
127415.09
51923.58
342335.88
1166958.8
717779.1
18912.43
321713.4
337346.72
56691.887
12484.946
19434.604
127666.83
44478.68
18912.43
13275.179
44478.68
88833.57
269457.34
1876252.6
14867.635
337346.72
41721.754
130490.09
2798546.8
385780.6
34417.14
46702.137
363932.34
269457.34
337346.72
363932.34
41721.754
1876252.6
106836.97
363932.34
385780.6
1876252.6
14867.635
34417.14
46702.137
41721.754
130490.09
2798546.8
88833.57
363932.34
883945.9
48141.27
127666.83
363932.34
1839904.2
102268.445
73249.64
78857.8
873759.06
44478.68
25073.148
12694.957
16272.825
879403.5
251204.92
167064.62
146843.8
33888.33
191760.25
32280.865
44272.633
146843.8
1927296.6
32280.865
3874500.0
32917.348
191760.25
20483.84
26107.828
34518.164
146843.8
32917.348
191760.25
31332.898
55602.86
162865.72
29986.53
168862.42
9411.538
229406.9
20483.84
25692.4
29487.918
27146.691
13115.682
1.1348364E7
178092.45
680731.75
698993.06
1.1348364E7
5186642.5
242652.69
81606.1
11100.133
26832.832
281846.3
31227.973
71155.48
11094.468
78112.59
11094.468
77244.914
125518.77
57307.746
687578.3
926634.8
447494.44
76277.86
19866.002
698993.06
296441.03
178092.45
680731.75
698993.06
1.1348364E7
5186642.5
242652.69
82540.51
26832.832
281846.3
31227.973
138703.73
926634.8
12374.085
680731.75
82343.31
47443.32
229406.9
47443.32
849061.6
3225183.2
326919.53
3225183.2
131825.38
55800.758
326919.53
3225183.2
129967.0
124195.7
59793.05
55800.758
12748.4375
129967.0
74277.67
500291.25
189415.19
429263.12
499896.06
3474829.8
23961.393
81983.02
500291.25
198922.03
440077.5
21287.396
37288.984
499896.06
3474829.8
23961.393
75136.89
500291.25
198922.03
38994.27
18865.227
429263.12
81925.33
500291.25
73792.89
500291.25
198922.03
500291.25
198922.03
38994.27
18865.227
184814.38
158441.14
1594307.0
13158.154
81925.33
375588.78
80300.73
2209249.0
112899.02
7806679.5
34048.414
776617.94
105904.055
198584.81
200474.2
226325.73
206884.08
39377.406
19221.445
785342.6
785342.6
50854.383
785342.6
7806679.5
201032.92
1977633.0
131011.26
198590.53
72058.766
193485.02
142288.56
31630.33
29008.283
142288.56
193485.02
193485.02
93047.41
45994.035
1896644.8
19163.078
202081.69
1896644.8
48640.86
1552407.2
192915.61
1552407.2
139104.8
45079.32
1.1228293E7
1.1228293E7
192915.61
87503.484
192915.61
1552407.2
139104.8
45079.32
1.1228293E7
139104.8
1552407.2
82904.5
1590618.1
1.1228293E7
947526.2
120342.96
120342.96
947526.2
139104.8
99193.88
278356.28
4194110.5
584387.9
417471.94
748626.44
5277771.0
1069597.0
1069597.0
1411101.9
168410.9
358318.9
63174.887
139104.8
1.1228293E7
584387.9
123700.06
748626.44
157980.34
50669.81
5277771.0
841688.4
440823.97
879483.75
4194110.5
193758.4
61947.04
134966.48
706130.1
16292.13
1411101.9
1069597.0
93193.82
331856.94
99158.36
441909.78
4194110.5
5277771.0
86637.99
42170.133
111146.22
99193.88
111146.22
37576.715
189889.38
37576.715
48451.094
22770.059
23640.922
116257.28
462517.16
116257.28
47179.836
50536.777
334844.4
290995.12
