Num	Group_ID	True_MZ	True_RT	1	MZ	0	Random Ogroup RT Shift	Function	RT	[+]151215_pos_236_fullyLab_Remus.Area	[+]151215_pos_236_fullyLab_Remus.RT-Shift	[+]151215_pos_236_fullyLab_Remus.MZ-Shift	[+]151215_pos_236_fullyLab_Remus.MZ
7	5	223.1175262	3.531816667	1	224.6175262	0	0.059954537	-0.111062307	3.480708896				
8	5	240.1442182	3.531816667	1	241.6442182	0	0.059954537	-0.111062307	3.480708896				
2	5	187.1804735	3.495933333	1	188.6804735	0	0.059954537	-0.103906621	3.451981249				
311	5	318.1183431	3.495933333	1	319.6183431	0	0.059954537	-0.103906621	3.451981249				
3188	5				240.14421				3.4807088	38398.63	0.50790787	-0.57186097	240.14407
57	10	166.0834238	4.291266667	1	167.5834238	0	0.022470516	-0.251376989	4.062360193				
80	22	203.1390937	5.8624	1	204.6390937	0	-0.016804721	-0.477469817	5.368125463				
3264	22				203.1391				5.3681254	324346.62	0.49427414	0.6009198	203.13922
37	37	204.0867744	7.468116667	1	205.5867744	0	0.053716329	-0.626749376	6.89508362				
3320	37				204.08678				6.8950834	695431.25	0.5194335	0.22429854	204.08682
351	38	311.0761567	7.6574	1	312.5761567	0	0.073723715	-0.639333513	7.091790202				
374	38	346.1133103	7.60715	1	347.6133103	0	0.073723715	-0.636091188	7.044782526				
3322	38				311.07617				7.09179	351312.75	0.5153594	0.09810323	311.0762
3324	38				346.1133				7.0447826	1610036.0	0.56236696	-0.08817222	346.11328
255	47	268.0817271	8.40485	1	269.5817271	0	0.011475441	-0.679372134	7.736953307				
324	47	342.1759639	8.40485	1	343.6759639	0	0.011475441	-0.679372134	7.736953307				
3366	47				268.08173				7.7369533	231569.55	0.66789675	-0.34151053	268.08163
3368	47				342.17596				7.7369533	210498.3	0.61202955	0.6243076	342.17618
305	51	310.1860804	8.66055	1	311.6860804	0	-0.095749629	-0.689648619	7.875151752				
321	51	338.2173007	8.678566667	1	339.7173007	0	-0.095749629	-0.690308853	7.892508185				
1612	51	510.1942963	8.66055	1	511.6942963	0	-0.095749629	-0.689648619	7.875151752				
3382	51				338.21732				7.892508	84188.17	0.5482917	0.5413841	338.2175
14	68	115.1116841	10.20691667	1	116.6116841	0	-0.061731602	-0.717335265	9.427849803				
16	68	133.1222841	10.18931667	1	134.6222841	0	-0.061731602	-0.717334641	9.410250427				
299	68	295.1751431	10.20691667	1	296.6751431	0	-0.061731602	-0.717335265	9.427849803				
347	68	295.1290657	10.20691667	1	296.6290657	0	-0.061731602	-0.717335265	9.427849803				
322	68	340.2329906	10.1715	1	341.7329906	0	-0.061731602	-0.717326996	9.392441402				
3464	68				115.11169				9.42785	939815.9	0.7966671	0.13255638	115.1117
3466	68				133.12228				9.410251	388426.66	0.7966652	-0.11462235	133.12227
3468	68				295.17514				9.42785	512820.1	0.7790661	0.3101641	295.17523
3470	68				295.12906				9.42785	318205.4	0.7790661	-0.10340418	295.12903
3472	68				340.233				9.392442	293164.75	0.8144741	0.08969612	340.23303
258	70	312.1653799	10.36963333	1	313.6653799	0	-0.055091125	-0.717017144	9.597525061				
263	70	340.1966284	10.35141667	1	341.6966284	0	-0.055091125	-0.717081654	9.579243891				
3478	70				312.16537				9.597525	3988758.2	0.7359581	-0.39104372	312.16525
3480	70				340.19662				9.579244	355975.84	0.7542391	-0.35882282	340.1965
122	69	195.0652599	10.29741667	1	196.5652599	0	0.042970352	-0.71723021	9.623156813				
607	69	376.1602382	10.29741667	1	377.6602382	0	0.042970352	-0.71723021	9.623156813				
3474	69				195.06526				9.623157	302750.62	0.6559429	0.07822402	195.06528
3476	69				376.16025				9.623157	648685.75	0.6559429	0.24338758	376.16034
391	71	370.170836	10.40465	1	371.670836	0	-0.021488339	-0.716872817	9.666288843				
3481	71				373.17084				9.666288	118508.89	0.6128111	2.944048	373.17194
3482	71				370.17084				9.666288	400974.25	0.7559786	-0.4122094	370.1707
194	74	227.0914424	10.61681667	1	228.5914424	0	-0.015838356	-0.715431872	9.885546442				
217	74	295.1150742	10.59951667	1	296.6150742	0	-0.015838356	-0.715585485	9.868092828				
887	74	389.1442675	10.61681667	1	390.6442675	0	-0.015838356	-0.715431872	9.885546442				
902	74	411.126211	10.59951667	1	412.626211	0	-0.015838356	-0.715585485	9.868092828				
929	74	434.2022045	10.61681667	1	435.7022045	0	-0.015838356	-0.715431872	9.885546442				
3490	74				227.09145				9.885547	1983926.2	0.7139702	-0.47034588	227.09134
3492	74				295.11508				9.868093	163543.44	0.748724	0.20681815	295.11514
3494	74				389.14426				9.885547	911893.1	0.7139702	-0.47053364	389.14407
3496	74				411.12622				9.868093	185850.56	0.73142433	-0.3711461	411.12607
3498	74				434.2022				9.885547	455038.53	0.69630337	-0.28113702	434.2021
252	76	252.0866958	10.82421667	1	253.5866958	0	-0.095677213	-0.713098415	10.01544104				
325	76	342.1759639	10.79015	1	343.6759639	0	-0.095677213	-0.713543595	9.980929192				
257	76	297.1446013	10.80711667	1	298.6446013	0	-0.095677213	-0.713324897	9.99811456				
259	76	312.1653799	10.82421667	1	313.6653799	0	-0.095677213	-0.713098415	10.01544104				
3502	76				252.0867				10.015441	2230188.2	0.79167557	0.42370948	252.0868
3504	76				342.17596				9.980929	1744763.0	0.7923212	-0.71349436	342.17572
3506	76				297.1446				9.998115	194977.66	0.8090019	-0.20540558	297.14453
3508	76				312.16537				10.015441	1861573.5	0.79167557	0.19552186	312.16544
355	96	313.0918319	12.04186667	1	314.5918319	0	0.024441045	-0.682035242	11.38427247				
2077	96	544.2024746	12.04186667	1	545.7024746	0	0.024441045	-0.682035242	11.38427247				
3650	96				313.09183				11.384273	565672.9	0.6575947	0.19494331	313.0919
3652	96				544.20245				11.384273	2124416.0	0.6575947	0.0	544.20245
1223	101	432.1502096	12.25551667	1	433.6502096	0	-0.079391244	-0.673715331	11.50241009				
1248	101	460.1812031	12.22233333	1	461.6812031	0	-0.079391244	-0.675060563	11.46788152				
3692	101				432.1502				11.50241	4264572.5	0.7531071	-0.07061799	432.15018
3694	101				460.1812				11.467881	117160.63	0.7708187	-0.3315822	460.18106
2494	103	598.2129876	12.32218333	1	599.7129876	0	-0.031142918	-0.670954488	11.62008592				
3698	103				598.213				11.620086	126439.34	0.6354313	0.20405827	598.21313
2381	105	581.1501541	12.55983333	1	582.6501541	0	0.084188647	-0.66048953	11.98353245				
2404	105	603.1321058	12.5258	1	604.6321058	0	0.084188647	-0.662047201	11.94794145				
3702	105				581.15015				11.983533	5991106.5	0.5763006	0.6301486	581.1505
3704	105				603.1321				11.947942	96754.695	0.61189175	0.101197004	603.13214
106	107	373.1129189	12.72556667	1	374.6129189	0	0.047071353	-0.652627245	12.12001078				
108	107	390.1395149	12.72556667	1	391.6395149	0	0.047071353	-0.652627245	12.12001078				
1383	107	445.1341032	12.72556667	1	446.6341032	0	0.047071353	-0.652627245	12.12001078				
1245	107	455.1158854	12.79181667	1	456.6158854	0	0.047071353	-0.64935743	12.18953059				
125	107	197.0807913	12.7419	1	198.5807913	0	0.047071353	-0.651827781	12.13714357				
584	107	355.1023562	12.70921667	1	356.6023562	0	0.047071353	-0.653423132	12.10286489				
602	107	373.1128923	12.72556667	1	374.6128923	0	0.047071353	-0.652627245	12.12001078				
623	107	390.1395135	12.72556667	1	391.6395135	0	0.047071353	-0.652627245	12.12001078				
629	107	395.0947835	12.7419	1	396.5947835	0	0.047071353	-0.651827781	12.13714357				
22	107	399.1696998	12.72556667	1	400.6696998	0	0.047071353	-0.652627245	12.12001078				
1236	107	450.1608807	12.77511667	1	451.6608807	0	0.047071353	-0.650188438	12.17199958				
1252	107	478.1918424	12.7419	1	479.6918424	0	0.047071353	-0.651827781	12.13714357				
116	107	179.070196	12.75855	1	180.570196	0	0.047071353	-0.651008311	12.15461304				
71	107	185.0807703	12.77511667	1	186.5807703	0	0.047071353	-0.650188438	12.17199958				
1226	107	433.1341093	12.77511667	1	434.6341093	0	0.047071353	-0.650188438	12.17199958				
2351	107	556.238851	12.82476667	1	557.738851	0	0.047071353	-0.647704488	12.22413354				
2361	107	561.1939719	12.79181667	1	562.6939719	0	0.047071353	-0.64935743	12.18953059				
3708	107				373.1129				12.12001	2205013.2	0.6218891	-0.1635836	373.11285
3710	107				390.13953				12.12001	9215921.0	0.6218891	0.078222215	390.13956
3712	107				445.1341				12.12001	362548.53	0.6385393	0.0	445.1341
3714	107				455.11588				12.18953	948950.2	0.5690193	-0.2682181	455.11575
3716	107				197.0808				12.137143	2734470.0	0.60475636	-0.07742403	197.08078
3718	107				355.10236				12.102865	993315.7	0.6390343	0.08594023	355.1024
3720	107				395.0948				12.137143	493109.2	0.60475636	0.0	395.0948
3722	107				399.1697				12.12001	503247.9	0.6218891	-0.15290527	399.16965
3724	107				450.1609				12.172	1.6589669E7	0.58654976	0.2711704	450.161
3726	107				478.19183				12.137143	2361662.8	0.62140656	-0.12763739	478.19177
3728	107				179.07019				12.1546135	2016216.5	0.587286	-0.08521122	179.07018
3730	107				185.08076				12.172	786829.6	0.58654976	0.0	185.08076
3732	107				433.1341				12.172	4775753.0	0.58654976	0.07045758	433.13412
3734	107				556.23883				12.2241335	669832.25	0.56768227	0.32918498	556.239
3736	107				561.194				12.18953	309324.2	0.6022854	0.0	561.194
2375	112	570.2181235	13.05915	1	571.7181235	0	-0.050511441	-0.635443258	12.3731953				
3762	112				570.21814				12.373196	184941.58	0.6523371	0.5351913	570.21844
2483	118	588.2649146	13.27866667	1	589.7649146	0	0.073822788	-0.623177758	12.7293117				
3800	118				588.2649				12.729312	107473.6	0.54935455	0.20750909	588.265
349	122	302.1598734	13.51891667	1	303.6598734	0	-0.0265319	-0.608916013	12.88346876				
382	122	352.1602462	13.51891667	1	353.6602462	0	-0.0265319	-0.608916013	12.88346876				
2189	122	540.1899626	13.503	1	541.6899626	0	-0.0265319	-0.609887339	12.86658076				
3814	122				302.15988				12.883469	925515.4	0.60368156	-0.10099812	302.15985
3816	122				352.16025				12.883469	703097.6	0.61953163	-0.34663287	352.16013
3818	122				540.18994				12.866581	161268.7	0.6364193	0.5649416	540.19025
2718	124	641.1863138	13.585	1	642.6863138	0	-0.074466809	-0.604843677	12.90568951				
3822	124				641.18634				12.905689	90665.96	0.7127104	-0.28557295	641.18616
2490	125	595.1656155	13.585	1	596.6656155	0	-0.040710184	-0.604843677	12.93944614				
2512	125	617.1476603	13.6184	1	618.6476603	0	-0.040710184	-0.602761318	12.9749285				
3824	125				595.1656				12.939446	4691276.5	0.62866974	0.922964	595.16614
3826	125				617.14764				12.974929	76604.23	0.6100712	0.6922915	617.1481
1469	123	357.1332999	13.51891667	1	358.6332999	0	0.093180687	-0.608916013	13.00318134				
3820	123				357.1333				13.003181	144005.81	0.4998188	-1.025418	357.13293
871	126	367.2326044	13.72035	1	368.7326044	0	0.006693923	-0.596306076	13.13073785				
2128	126	436.2231968	13.70328333	1	437.7231968	0	0.006693923	-0.597397033	13.11258022				
2179	126	535.1446375	13.72035	1	536.6446375	0	0.006693923	-0.596306076	13.13073785				
2481	126	586.2493784	13.70328333	1	587.7493784	0	0.006693923	-0.597397033	13.11258022				
2161	126	523.1812836	13.70328333	1	524.6812836	0	0.006693923	-0.597397033	13.11258022				
3828	126				367.2326				13.130738	854388.4	0.57254505	0.66481197	367.23285
3830	126				436.2232				13.11258	3151007.8	0.60776997	0.76954496	436.22354
3832	126				535.14465				13.130738	1692340.0	0.589612	0.45621428	535.1449
3834	126				586.2494				13.11258	143870.75	0.6243191	0.0	586.2494
3836	126				523.1813				13.11258	198871.7	0.60776997	0.0	523.1813
907	138	416.1008281	14.39086667	1	417.6008281	0	-0.078822897	-0.550290729	13.76175304				
2567	138	618.2753773	14.39086667	1	619.7753773	0	-0.078822897	-0.550290729	13.76175304				
384	138	354.175859	14.39086667	1	355.675859	0	-0.078822897	-0.550290729	13.76175304				
2571	138	623.230739	14.35698333	1	624.730739	0	-0.078822897	-0.55275823	13.7254022				
3910	138				416.10083				13.761753	499182.94	0.62911415	-0.14668357	416.10077
3912	138				618.2754				13.761753	92429.49	0.62911415	-0.19743681	618.27527
3914	138				354.17587				13.761753	227943.72	0.6459303	-0.08616504	354.17584
3916	138				623.2307				13.725402	54901.51	0.66546535	0.19586697	623.23083
181	140	209.0807854	14.5456	1	210.5807854	0	-0.068311865	-0.538839276	13.93844886				
2558	140	600.2648332	14.51183333	1	601.7648332	0	-0.068311865	-0.541363674	13.90215779				
335	140	249.1121035	14.52881667	1	250.6121035	0	-0.068311865	-0.540095756	13.92040905				
2851	140	671.1967841	14.51183333	1	672.6967841	0	-0.068311865	-0.541363674	13.90215779				
3924	140				209.08078				13.938449	804946.0	0.57338524	-0.2919214	209.08072
3926	140				600.26483				13.902158	479528.66	0.60967636	-0.10168038	600.2648
3928	140				249.1121				13.920409	208644.12	0.59142494	-0.1837581	249.11206
3930	140				671.1968				13.902158	2294367.0	0.57502556	0.27280444	671.19696
1539	146	448.2176328	14.85355	1	449.7176328	0	-0.071286292	-0.51518092	14.26708279				
2345	146	552.2072591	14.8706	1	553.7072591	0	-0.071286292	-0.513838314	14.28547539				
3974	146				448.21762				14.267083	379802.8	0.60351753	0.13617304	448.21768
3976	146				552.2073				14.285476	318974.38	0.58512497	-0.11052943	552.2072
111	151	135.116684	15.05743333	1	136.616684	0	-0.083775146	-0.498908456	14.47474973				
112	151	153.1272517	15.05743333	1	154.6272517	0	-0.083775146	-0.498908456	14.47474973				
873	151	367.2326044	15.07448333	1	368.7326044	0	-0.083775146	-0.497526422	14.49318176				
585	151	355.172673	15.05743333	1	356.672673	0	-0.083775146	-0.498908456	14.47474973				
608	151	378.2484378	15.05743333	1	379.7484378	0	-0.083775146	-0.498908456	14.47474973				
2572	151	623.230739	15.07448333	1	624.730739	0	-0.083775146	-0.497526422	14.49318176				
2568	151	618.2753773	15.07448333	1	619.7753773	0	-0.083775146	-0.497526422	14.49318176				
3998	151				135.11668				14.47475	547157.06	0.59973335	-0.67758274	135.1166
4000	151				153.12726				14.47475	798156.75	0.59973335	-0.6975344	153.12715
4002	151				367.2326				14.493182	864390.75	0.58130074	-0.83101493	367.2323
4004	151				355.17267				14.47475	101466.82	0.59973335	-1.0310786	355.1723
4006	151				378.24844				14.47475	171276.48	0.59973335	-0.8874943	378.2481
4008	151				623.2307				14.493182	234391.94	0.598135	0.097933486	623.2308
4010	151				618.2754				14.493182	224071.58	0.598135	0.19743681	618.2755
282	149	219.1015677	14.98996667	1	220.6015677	0	0.093149843	-0.50434531	14.5787712				
2475	149	579.1706392	14.95621667	1	580.6706392	0	0.093149843	-0.507045853	14.54232066				
1470	149	357.1332999	14.98996667	1	358.6332999	0	0.093149843	-0.50434531	14.5787712				
2767	149	722.2686429	14.97328333	1	723.7686429	0	0.093149843	-0.505681857	14.56075132				
3988	149				219.10156				14.578772	14756.998	0.76784515	0.13928507	219.1016
2129	152	436.2231968	15.10871667	1	437.7231968	0	0.006998698	-0.494741823	14.62097355				
4012	152				436.2232				14.620974	792931.7	0.48774338	-0.2098759	436.2231
2324	157	540.2437909	15.38013333	1	541.7437909	0	0.026084084	-0.472215022	14.93400239				
2489	157	593.220206	15.38013333	1	594.720206	0	0.026084084	-0.472215022	14.93400239				
4060	157				540.2438				14.934002	117901.66	0.47869873	0.4519083	540.244
4062	157				593.2202				14.934002	121979.33	0.47869873	0.30866355	593.2204
291	162	251.0913767	15.73158333	1	252.5913767	0	0.055367405	-0.441914762	15.34503597				
1584	162	475.2150068	15.78186667	1	476.7150068	0	0.055367405	-0.43748039	15.39975368				
2596	162	662.2289707	15.73158333	1	663.7289707	0	0.055367405	-0.441914762	15.34503597				
1552	162	453.2329678	15.7147	1	454.7329678	0	0.055367405	-0.443398239	15.32666917				
2621	162	640.2234648	15.7147	1	641.7234648	0	0.055367405	-0.443398239	15.32666917				
2622	162	645.1786957	15.73158333	1	646.6786957	0	0.055367405	-0.441914762	15.34503597				
286	162	233.0807859	15.76515	1	234.5807859	0	0.055367405	-0.438957268	15.38156014				
2081	162	552.2648182	15.73158333	1	553.7648182	0	0.055367405	-0.441914762	15.34503597				
4104	162				475.215				15.399754	139110.47	0.68471336	0.0	475.215
4108	162				453.23297				15.326669	998841.25	0.7409315	-0.067333095	453.23294
4110	162				640.22345				15.326669	30981.87	0.7409315	0.09533415	640.2235
342	180	290.1961179	16.68616667	1	291.6961179	0	-0.024248469	-0.353921848	16.30799635				
1377	180	438.3059006	16.71883333	1	439.8059006	0	-0.024248469	-0.350779781	16.34380508				
2476	180	579.1706392	16.71883333	1	580.6706392	0	-0.024248469	-0.350779781	16.34380508				
3097	180	851.2604735	16.68616667	1	852.7604735	0	-0.024248469	-0.353921848	16.30799635				
2557	180	596.2335183	16.7355	1	597.7335183	0	-0.024248469	-0.349173661	16.36207787				
2563	180	609.1813974	16.71883333	1	610.6813974	0	-0.024248469	-0.350779781	16.34380508				
2852	180	671.1967841	16.7025	1	672.6967841	0	-0.024248469	-0.352351798	16.32589973				
2216	180	557.1264336	16.7355	1	558.6264336	0	-0.024248469	-0.349173661	16.36207787				
1320	180	375.2376198	16.7355	1	376.7376198	0	-0.024248469	-0.349173661	16.36207787				
2181	180	535.1446375	16.71883333	1	536.6446375	0	-0.024248469	-0.350779781	16.34380508				
4234	180				290.1961				16.307997	187493.75	0.41083717	-0.21032384	290.19604
4236	180				438.3059				16.343805	93569.36	0.40852737	-0.13925242	438.30585
4238	180				579.17065				16.343805	234777.83	0.35869598	0.10538372	579.1707
4240	180				851.2605				16.307997	186672.73	0.39450455	0.3584987	851.2608
4242	180				596.2335				16.362078	356129.88	0.3567562	-0.51183933	596.2332
4244	180				609.1814				16.343805	464791.16	0.3750286	-0.7013446	609.18097
4246	180				671.1968				16.3259	198321.1	0.37660217	-0.18186963	671.19666
4248	180				557.1264				16.362078	160920.31	0.37342262	-0.5477676	557.1261
4250	180				375.2376				16.362078	142739.66	0.39025497	0.48797205	375.2378
4252	180				535.14465				16.343805	4669719.0	0.39169502	-0.11405357	535.1446
341	181	289.1644899	16.88833333	1	290.6644899	0	-0.094049875	-0.334352299	16.45993116				
1576	181	468.2438714	16.88833333	1	469.7438714	0	-0.094049875	-0.334352299	16.45993116				
1582	181	473.1991646	16.87116667	1	474.6991646	0	-0.094049875	-0.336025324	16.44109147				
1924	181	493.1340084	16.88833333	1	494.6340084	0	-0.094049875	-0.334352299	16.45993116				
1941	181	515.1157145	16.87116667	1	516.6157145	0	-0.094049875	-0.336025324	16.44109147				
1372	181	436.2176696	16.88833333	1	437.7176696	0	-0.094049875	-0.334352299	16.45993116				
4254	181				289.1645				16.45993	345138.7	0.42840195	-0.52768546	289.16434
4256	181				468.24387				16.45993	475610.12	0.42840195	-0.7169199	468.24353
4258	181				473.19916				16.441092	390156.75	0.44724083	-0.8383965	473.19876
4260	181				493.134				16.45993	4870823.5	0.4452362	0.12376992	493.13406
4262	181				515.1157				16.441092	102300.99	0.48124313	0.35546473	515.1159
4264	181				436.21768				16.45993	217485.53	0.46240425	-0.20987855	436.2176
1863	183	506.2230934	16.974	1	507.7230934	0	0.076299955	-0.325973009	16.72432695				
4270	183				506.22308				16.724327	282359.94	0.28384018	0.3014242	506.22324
2575	196	625.1760392	17.75916667	1	626.6760392	0	-0.046678587	-0.247044643	17.46544344				
2543	196	511.3739611	17.74183333	1	512.8739611	0	-0.046678587	-0.248824192	17.44633055				
4328	196				625.176				17.465443	154255.97	0.27639008	0.09762876	625.1761
4330	196				511.37396				17.446331	117537.62	0.2955017	-0.23871045	511.37384
2897	198	667.2971533	17.8455	1	668.7971533	0	-0.016621171	-0.238159125	17.5907197				
2667	198	669.2023269	17.8455	1	670.7023269	0	-0.016621171	-0.238159125	17.5907197				
614	198	384.2226615	17.8455	1	385.7226615	0	-0.016621171	-0.238159125	17.5907197				
4336	198				667.2972				17.59072	74829.7	0.25477982	-0.27439868	667.297
4338	198				669.20233				17.59072	539584.6	0.25477982	0.27361748	669.2025
4340	198				384.22266				17.59072	1323223.2	0.27178	0.47656083	384.22284
2720	204	659.1603756	18.16333333	1	660.6603756	0	0.052137995	-0.205152165	18.01031916				
4398	204				659.1604				18.010319	274796.78	0.13601494	0.0	659.1604
289	212	236.1280691	18.60133333	1	237.6280691	0	0.006958105	-0.159011036	18.4492804				
1817	212	479.2485806	18.6345	1	480.7485806	0	0.006958105	-0.155490864	18.48596724				
1857	212	501.2304493	18.61766667	1	502.7304493	0	0.006958105	-0.157277897	18.46734688				
4434	212				236.12807				18.44928	3319435.8	0.16838837	0.45234573	236.12817
4436	212				479.24857				18.485968	297054.66	0.14853096	0.44574583	479.24878
4438	212				501.23044				18.467346	652130.3	0.1671524	0.24354132	501.23056
276	213	209.1535791	18.6675	1	210.6535791	0	-0.019136398	-0.151985136	18.49637847				
2113	213	590.3016652	18.68383333	1	591.8016652	0	-0.019136398	-0.150248805	18.51444813				
2006	213	469.1127741	18.71666667	1	470.6127741	0	-0.019136398	-0.146756126	18.55077415				
2658	213	631.1654231	18.71666667	1	632.6654231	0	-0.019136398	-0.146756126	18.55077415				
2948	213	745.197187	18.6675	1	746.697187	0	-0.019136398	-0.151985136	18.49637847				
2983	213	775.2078373	18.68383333	1	776.7078373	0	-0.019136398	-0.150248805	18.51444813				
2986	213	797.1898273	18.68383333	1	798.6898273	0	-0.019136398	-0.150248805	18.51444813				
4440	213				209.15358				18.496378	482339.75	0.1711235	-0.5106846	209.15347
4442	213				590.30164				18.514448	135933.02	0.15305328	0.0	590.30164
4444	213				469.11276				18.550774	160226.14	0.16589355	-0.19516146	469.11267
4446	213				631.1654				18.550774	92048.836	0.16589355	0.096702315	631.16547
4448	213				745.1972				18.496378	391766.0	0.18745613	0.08190471	745.19727
4450	213				775.2078				18.514448	2501827.2	0.18571854	0.78733927	775.20844
4452	213				797.1898				18.514448	150272.34	0.18571854	0.45937732	797.1902
288	215	233.2110754	18.7665	1	234.7110754	0	0.081315728	-0.141449343	18.70636638				
280	215	215.2004948	18.783	1	216.7004948	0	0.081315728	-0.139690772	18.72462496				
1341	215	395.2639065	18.7665	1	396.7639065	0	0.081315728	-0.141449343	18.70636638				
1353	215	417.2457839	18.783	1	418.7457839	0	0.081315728	-0.139690772	18.72462496				
1380	215	440.3217164	18.783	1	441.8217164	0	0.081315728	-0.139690772	18.72462496				
4456	215				233.21107				18.706366	5440148.0	0.07663345	0.0	233.21107
4458	215				215.2005				18.724625	2611134.5	0.04187584	0.4963349	215.2006
4460	215				395.26392				18.706366	1.4512101E7	0.060134888	0.772081	395.26422
4462	215				417.2458				18.724625	3589753.8	0.058374405	0.2194216	417.24588
4464	215				440.32172				18.724625	660003.8	0.058374405	0.27722982	440.32184
2911	223	745.1611309	19.10033333	1	746.6611309	0	0.074756546	-0.105741906	19.06934797				
4502	223				745.16113				19.069347	113808.59	0.0646534	0.40954334	745.16144
105	230	368.1913522	19.43716667	1	369.6913522	0	-0.09646863	-0.069497962	19.27120008				
452	230	368.1913477	19.43716667	1	369.6913477	0	-0.09646863	-0.069497962	19.27120008				
10	230	377.2216524	19.40266667	1	378.7216524	0	-0.09646863	-0.073217666	19.23298037				
4532	230				368.19135				19.2712	572691.44	0.16596603	0.16577022	368.1914
4534	230				377.22165				19.23298	351379.34	0.22118568	-0.48540553	377.22147
1853	233	498.2907773	19.57216667	1	499.7907773	0	0.046862513	-0.054930394	19.56409879				
1828	233	481.2645167	19.58866667	1	482.7645167	0	0.046862513	-0.053148757	19.58238043				
2019	233	502.2645256	19.58866667	1	503.7645256	0	0.046862513	-0.053148757	19.58238043				
1194	233	392.2278152	19.58866667	1	393.7278152	0	0.046862513	-0.053148757	19.58238043				
2981	233	773.1918625	19.58866667	1	774.6918625	0	0.046862513	-0.053148757	19.58238043				
4540	233				498.29077				19.564098	2335276.8	0.04123497	0.0	498.29077
4544	233				502.26453				19.58238	349390.8	0.0062847137	0.24303988	502.26465
4546	233				392.2278				19.58238	871563.6	0.022953033	-0.07780575	392.22778
4548	233				773.19183				19.58238	167603.64	0.0062847137	0.15787843	773.19196
163	237	181.1221572	19.75633333	1	182.6221572	0	-0.048024817	-0.035033899	19.67327461				
4562	237				181.12216				19.673275	1155139.8	0.116558075	0.5897209	181.12227
2415	246	616.317117	20.25	1	617.817117	0	0.029914399	0.018329687	20.29824409				
4600	246				616.31714				20.298244	486567.97	-0.066244125	0.39612824	616.3174
2994	254	705.2175029	20.67583333	1	706.7175029	0	-0.035101977	0.064231826	20.70496318				
4648	254				705.2175				20.704964	113377.0	-0.0456295	-0.4327399	705.2172
132	261	209.0807911	21.11383333	1	210.5807911	0	-0.008533086	0.111125713	21.21642596				
4684	261				209.0808				21.216427	231403.36	-0.119428635	0.6568231	209.08093
6	263	127.0389084	21.14716667	1	128.5389084	0	-0.003001387	0.11467587	21.25884115				
93	263	231.0499024	21.11383333	1	232.5499024	0	-0.003001387	0.111125713	21.22195766				
612	263	382.2071815	21.11383333	1	383.7071815	0	-0.003001387	0.111125713	21.22195766				
1775	263	415.1386926	21.14716667	1	416.6386926	0	-0.003001387	0.11467587	21.25884115				
1780	263	437.1205759	21.14716667	1	438.6205759	0	-0.003001387	0.11467587	21.25884115				
99	263	263.0761754	21.08083333	1	264.5761754	0	-0.003001387	0.107608126	21.18544007				
616	263	387.1624862	21.14716667	1	388.6624862	0	-0.003001387	0.11467587	21.25884115				
1763	263	397.1282012	21.14716667	1	398.6282012	0	-0.003001387	0.11467587	21.25884115				
1529	263	435.1283573	21.11383333	1	436.6283573	0	-0.003001387	0.111125713	21.22195766				
4688	263				127.03891				21.25884	1029920.06	-0.14500809	-0.060055576	127.0389
4690	263				231.0499				21.221958	862658.9	-0.09162521	-0.2641644	231.04984
4692	263				382.20718				21.221958	1.0064662E7	-0.10812569	0.47907385	382.20737
4694	263				415.1387				21.25884	517247.66	-0.11167526	-0.2205353	415.1386
4696	263				437.12057				21.25884	78304.79	-0.11167526	-0.41889006	437.1204
4698	263				263.07617				21.18544	275390.56	-0.055107117	-0.23200566	263.0761
4700	263				387.16248				21.25884	884689.9	-0.14500809	0.3941185	387.16263
4702	263				397.1282				21.25884	168280.17	-0.11167526	-0.6147653	397.12796
4704	263				435.12836				21.221958	219106.61	-0.05845642	0.21040396	435.12845
2608	274	551.1546077	21.80416667	1	552.6546077	0	0.035273166	0.183917063	22.0233569				
4772	274				551.1546				22.023357	254559.31	-0.20235634	0.22148107	551.1547
1532	279	437.2380498	22.08266667	1	438.7380498	0	-0.058697751	0.21275154	22.23672046				
4792	279				437.23804				22.236721	424938.66	-0.17138672	0.20938876	437.23813
1557	278	454.2648054	22.08266667	1	455.7648054	0	-0.040689945	0.21275154	22.25472826				
1568	278	459.2201348	22.08266667	1	460.7201348	0	-0.040689945	0.21275154	22.25472826				
1521	278	419.2275456	22.08266667	1	420.7275456	0	-0.040689945	0.21275154	22.25472826				
4786	278				454.2648				22.254728	4635015.5	-0.20572853	-0.873342	454.2644
4788	278				459.22012				22.254728	872709.3	-0.189394	-0.5980971	459.21985
4790	278				419.22754				22.254728	721388.6	-0.189394	0.14558956	419.2276
986	285	291.1954217	22.48966667	1	292.6954217	0	-0.023740675	0.254194691	22.72012069				
4824	285				291.19543				22.720121	867749.44	-0.24795532	0.20960204	291.1955
1514	286	403.102222	22.55783333	1	404.602222	0	0.01358062	0.261045795	22.83245975				
2223	286	558.3482819	22.55783333	1	559.8482819	0	0.01358062	0.261045795	22.83245975				
2230	286	563.3035735	22.55783333	1	564.8035735	0	0.01358062	0.261045795	22.83245975				
4826	286				403.10223				22.83246	192009.06	-0.24079323	-0.45424077	403.10205
4828	286				558.34827				22.83246	1063183.6	-0.24079323	0.0	558.34827
4830	286				563.3036				22.83246	500705.38	-0.25779343	0.0	563.3036
3084	291	743.1967344	22.95016667	1	744.6967344	0	-0.069817052	0.29991562	23.18026524				
4850	291				743.1967				23.180265	276715.75	-0.23009872	0.08212517	743.1968
2768	299	730.3492622	23.35116667	1	731.8492622	0	-0.089978194	0.338550844	23.59973932				
4876	299				730.34924				23.59974	1.0708565E7	-0.31274033	0.7521284	730.3498
1162	300	367.1878586	23.35116667	1	368.6878586	0	0.045303659	0.338550844	23.73502117				
224	300	195.1378755	23.35116667	1	196.6378755	0	0.045303659	0.338550844	23.73502117				
232	300	213.1484902	23.35116667	1	214.6484902	0	0.045303659	0.338550844	23.73502117				
965	300	275.2005362	23.35116667	1	276.7005362	0	0.045303659	0.338550844	23.73502117				
1117	300	346.2588559	23.35116667	1	347.7588559	0	0.045303659	0.338550844	23.73502117				
1161	300	367.1789566	23.35116667	1	368.6789566	0	0.045303659	0.338550844	23.73502117				
1180	300	374.2899128	23.36666667	1	375.7899128	0	0.045303659	0.340020057	23.75199039				
2611	300	569.1652906	23.38266667	1	570.6652906	0	0.045303659	0.341534693	23.76950502				
2970	300	679.4389498	23.35116667	1	680.9389498	0	0.045303659	0.338550844	23.73502117				
989	300	293.2111335	23.38266667	1	294.7111335	0	0.045303659	0.341534693	23.76950502				
235	300	227.1641501	23.38266667	1	228.6641501	0	0.045303659	0.341534693	23.76950502				
403	300	235.1691999	23.36666667	1	236.6691999	0	0.045303659	0.340020057	23.75199039				
1020	300	307.2268297	23.38266667	1	308.7268297	0	0.045303659	0.341534693	23.76950502				
1033	300	311.221659	23.35116667	1	312.721659	0	0.045303659	0.338550844	23.73502117				
1068	300	325.2372988	23.38266667	1	326.7372988	0	0.045303659	0.341534693	23.76950502				
1133	300	351.2140593	23.38266667	1	352.7140593	0	0.045303659	0.341534693	23.76950502				
1250	300	468.2931013	23.38266667	1	469.7931013	0	0.045303659	0.341534693	23.76950502				
2614	300	591.1471463	23.38266667	1	592.6471463	0	0.045303659	0.341534693	23.76950502				
4878	300				367.18787				23.735022	340940.6	-0.3683548	0.24933486	367.18796
4880	300				195.13788				23.735022	5458808.0	-0.3683548	-0.07819491	195.13786
4882	300				213.14848				23.735022	7706346.5	-0.3683548	-0.07158761	213.14847
4884	300				275.20053				23.735022	4185791.2	-0.3683548	-0.110892154	275.2005
4886	300				346.25885				23.735022	3.6972332E7	-0.3683548	0.17627032	346.2589
4888	300				367.17896				23.735022	337353.25	-0.3683548	0.08311363	367.179
4890	300				374.28992				23.751991	1270052.4	-0.38532448	-0.16306919	374.28986
4892	300				569.1653				23.769505	3634819.5	-0.3868389	0.32170877	569.16547
4894	300				679.43896				23.735022	901056.1	-0.3683548	0.089831695	679.439
4896	300				293.21112				23.769505	1.08109E7	-0.40283775	0.0	293.21112
4898	300				227.16415				23.769505	6633584.5	-0.40283775	-0.20151228	227.16411
4900	300				235.1692				23.751991	674361.25	-0.38532448	0.0	235.1692
4902	300				307.22684				23.769505	413361.06	-0.40283775	-0.19866478	307.22678
4904	300				311.22165				23.735022	4819714.5	-0.3683548	0.19611476	311.2217
4906	300				325.2373				23.769505	224906.77	-0.40283775	0.18766345	325.23737
4908	300				351.21405				23.769505	1.3599169E7	-0.40283775	0.0	351.21405
4910	300				468.2931				23.769505	338360.0	-0.3868389	0.0	468.2931
4912	300				591.14716				23.769505	175883.45	-0.37117004	0.0	591.14716
174	301	193.0858441	23.38266667	1	194.5858441	0	0.040696734	0.341534693	23.7648981				
3085	301	743.1967344	23.43016667	1	744.6967344	0	0.040696734	0.346019391	23.8168828				
4914	301				193.08585				23.764898	274361.78	-0.33473015	-0.07902593	193.08583
4916	301				743.1967				23.816883	483242.75	-0.37104988	0.0	743.1967
1431	304	287.2369579	23.676	1	288.7369579	0	0.032984892	0.368937206	24.0779221				
1071	304	327.2166081	23.70983333	1	328.7166081	0	0.032984892	0.372051766	24.11486999				
4940	304				287.23697				24.077923	224832.16	-0.3852558	-0.1062453	287.23694
4942	304				327.2166				24.11487	269848.62	-0.42220306	-0.83937734	327.21634
271	305	197.1899112	23.70983333	1	198.6899112	0	-0.022138049	0.372051766	24.05974705				
1836	305	485.2355948	23.76133333	1	486.7355948	0	-0.022138049	0.376773726	24.11596901				
1023	305	309.2060503	23.74416667	1	310.7060503	0	-0.022138049	0.375202293	24.09723091				
1820	305	480.2803418	23.76133333	1	481.7803418	0	-0.022138049	0.376773726	24.11596901				
4944	305				197.18991				24.059748	771987.3	-0.33291435	0.15476237	197.18994
4946	305				485.2356				24.115969	1358523.5	-0.35463524	-0.18867688	485.2355
4948	305				309.20605				24.09723	2200563.0	-0.35306358	0.098696575	309.2061
4950	305				480.28033				24.115969	7770322.0	-0.35463524	0.19062352	480.28043
1116	309	345.0969041	23.881	1	346.5969041	0	-0.002416025	0.387655995	24.26623997				
1900	309	410.2900534	23.91583333	1	411.7900534	0	-0.002416025	0.390799661	24.30421697				
2281	309	495.1284367	23.89833333	1	496.6284367	0	-0.002416025	0.389221676	24.28513898				
3154	309	855.2834184	23.95033333	1	856.7834184	0	-0.002416025	0.393902398	24.3418197				
4962	309				345.0969				24.26624	405479.0	-0.35040665	0.6190234	345.0971
4964	309				410.29004				24.304216	932417.9	-0.38838387	0.446283	410.29022
4966	309				495.12845				24.28514	129135.32	-0.35213852	-0.12327136	495.1284
4968	309				855.28345				24.34182	64712.785	-0.37448502	0.28544995	855.2837
1072	343	327.2166081	26.1065	1	328.7166081	0	-0.037354011	0.562405726	26.63155172				
5162	343				327.2166				26.631552	1148980.1	-0.5250511	-0.09326415	327.21658
1164	348	367.2453829	26.37683333	1	368.7453829	0	0.058318648	0.579389862	27.01454184				
54	348	155.1429013	26.41016667	1	156.6429013	0	0.058318648	0.581410703	27.04989602				
239	348	227.1641501	26.41016667	1	228.6641501	0	0.058318648	0.581410703	27.04989602				
1153	348	362.2901739	26.41016667	1	363.7901739	0	0.058318648	0.581410703	27.04989602				
1274	348	711.5016778	26.41016667	1	713.0016778	0	0.058318648	0.581410703	27.04989602				
5192	348				367.2454				27.014542	7900119.5	-0.60437584	0.41549298	367.24554
5194	348				155.1429				27.049896	3020050.0	-0.63973045	0.3934125	155.14296
5196	348				227.16415				27.049896	5400104.0	-0.60606194	0.47019532	227.16426
5198	348				362.29016				27.049896	1.7892724E7	-0.63973045	0.5054111	362.29034
5200	348				711.50165				27.049896	266188.72	-0.62306404	0.08578358	711.5017
1096	353	334.2952289	26.71066667	1	335.7952289	0	-0.017019144	0.598878295	27.29252582				
5226	353				334.29523				27.292526	122752.61	-0.5818596	0.2738679	334.29532
1049	370	315.1928052	27.93383333	1	316.6928052	0	-0.008000649	0.654937563	28.58077024				
994	370	293.2111335	27.951	1	294.7111335	0	-0.008000649	0.65554002	28.59853937				
1031	370	310.2377465	27.951	1	311.7377465	0	-0.008000649	0.65554002	28.59853937				
1107	370	338.2688805	27.951	1	339.7688805	0	-0.008000649	0.65554002	28.59853937				
1085	370	331.1660305	27.951	1	332.6660305	0	-0.008000649	0.65554002	28.59853937				
5300	370				315.1928				28.58077	1485486.0	-0.6469364	0.19364388	315.19287
5302	370				293.21112				28.59854	9302085.0	-0.6647053	0.20816113	293.21118
5304	370				310.23773				28.59854	254836.28	-0.6647053	0.2951051	310.23782
5306	370				338.2689				28.59854	209754.14	-0.64753914	-0.18043384	338.26883
5308	370				331.16602				28.59854	42977.105	-0.64753914	1.843038	331.16663
1027	374	309.2423261	28.15333333	1	310.7423261	0	0.077003111	0.66223203	28.89256847				
1146	374	357.2009291	28.16983333	1	358.7009291	0	0.077003111	0.662744195	28.90958064				
1204	374	397.1894287	28.16983333	1	398.6894287	0	0.077003111	0.662744195	28.90958064				
973	374	277.2162187	28.12033333	1	278.7162187	0	0.077003111	0.661192412	28.85852885				
1001	374	295.2267465	28.16983333	1	296.7267465	0	0.077003111	0.662744195	28.90958064				
1044	374	313.2373173	28.16983333	1	314.7373173	0	0.077003111	0.662744195	28.90958064				
1081	374	330.2639172	28.16983333	1	331.7639172	0	0.077003111	0.662744195	28.90958064				
1102	374	335.2190883	28.16983333	1	336.7190883	0	0.077003111	0.662744195	28.90958064				
1131	374	351.1929411	28.16983333	1	352.6929411	0	0.077003111	0.662744195	28.90958064				
1145	374	356.2428091	28.16983333	1	357.7428091	0	0.077003111	0.662744195	28.90958064				
5316	374				309.24234				28.892569	335614.3	-0.47340202	0.296055	309.24243
5318	374				357.20093				28.90958	277322.72	-0.4747467	-0.08543533	357.2009
5320	374				397.18942				28.90958	221007.89	-0.4747467	0.076833814	397.18945
5322	374				277.21622				28.858528	928502.6	-0.4236946	0.33025748	277.2163
5324	374				295.22675				28.90958	1.8869652E7	-0.49041367	-0.31010988	295.22665
5326	374				313.2373				28.90958	1.6975694E7	-0.49041367	-0.19485277	313.23724
5328	374				330.26392				28.90958	4.2499248E7	-0.49041367	-0.27721083	330.26382
5330	374				335.2191				28.90958	1.8227086E7	-0.49041367	-0.63726395	335.21887
5332	374				351.19293				28.90958	772967.4	-0.49041367	-0.26069072	351.19284
5334	374				356.2428				28.90958	34910.04	-0.39508057	0.51399064	356.24298
1053	379	315.2528536	28.59916667	1	316.7528536	0	0.016343248	0.674244679	29.2897546				
1054	379	316.2845231	28.59916667	1	317.7845231	0	0.016343248	0.674244679	29.2897546				
1088	379	332.2795009	28.61566667	1	333.7795009	0	0.016343248	0.674615187	29.30662511				
1106	379	338.2662132	28.59916667	1	339.7662132	0	0.016343248	0.674244679	29.2897546				
5372	379				315.25287				29.289755	427391.75	-0.657423	0.580821	315.25305
5374	379				316.28452				29.289755	8968803.0	-0.67408943	-0.19297548	316.28445
5376	379				332.2795				29.306625	384640.25	-0.6742935	0.18368618	332.27957
5378	379				338.2662				29.289755	340844.94	-0.67408943	0.0	338.2662
1658	386	386.2898901	29.10016667	1	387.7898901	0	-0.053076033	0.683050394	29.73014103				
5396	386				386.2899				29.73014	226514.77	-0.6466408	-0.31600702	386.28976
1110	395	340.2819187	29.659	1	341.7819187	0	0.09648047	0.686673805	30.44215427				
1063	395	318.3002593	29.659	1	319.8002593	0	0.09648047	0.686673805	30.44215427				
5444	395				340.28192				30.442154	930625.75	-0.7663193	0.17936644	340.28198
5446	395				318.30026				30.442154	1.7161918E7	-0.7663193	0.28763008	318.30035
977	403	277.2162187	30.324	1	278.7162187	0	-0.05160093	0.681934281	30.95433335				
1060	403	317.2085517	30.30833333	1	318.7085517	0	-0.05160093	0.682163748	30.93889615				
5498	403				317.20856				30.938896	1271612.4	-0.6148968	-0.38482666	317.20844
1803	407	466.3004999	30.6825	1	467.8004999	0	-0.035973117	0.675077795	31.32160468				
1806	407	471.2559232	30.6825	1	472.7559232	0	-0.035973117	0.675077795	31.32160468				
5528	407				466.3005				31.321604	511482.4	-0.63910484	0.39267698	466.3007
5530	407				471.25592				31.321604	135186.72	-0.6236038	-0.5180638	471.25568
2294	409	518.3240655	30.9845	1	519.8240655	0	-0.090560514	0.666863052	31.56080254				
1896	409	407.2901619	30.96783333	1	408.7901619	0	-0.090560514	0.667375712	31.54464853				
2325	409	540.3057087	30.9845	1	541.8057087	0	-0.090560514	0.666863052	31.56080254				
2352	409	556.2796434	30.9845	1	557.7796434	0	-0.090560514	0.666863052	31.56080254				
2868	409	699.3558128	30.9845	1	700.8558128	0	-0.090560514	0.666863052	31.56080254				
5534	409				518.32404				31.560802	9388580.0	-0.5763035	-0.117754824	518.324
5536	409				407.29016				31.54465	124385.0	-0.57681656	0.5994268	407.2904
5538	409				540.3057				31.560802	1692843.8	-0.5763035	-0.3388923	540.30554
5540	409				556.27966				31.560802	153874.39	-0.5763035	-0.21944053	556.27954
5542	409				699.35583				31.560802	1329435.6	-0.5929699	0.52364033	699.3562
1805	416	468.3082501	31.27783333	1	469.8082501	0	-0.027438811	0.656685614	31.90708013				
5584	416				468.30826				31.90708	218878.45	-0.59724617	-0.9774837	468.3078
2002	424	458.3109122	31.70383333	1	459.8109122	0	0.094950072	0.637928535	32.43671194				
2005	424	463.2662887	31.72033333	1	464.7662887	0	0.094950072	0.637105237	32.45238864				
1283	437	331.2840573	32.31933333	1	332.7840573	0	-0.089478784	0.602183567	32.83203811				
2299	437	520.3396397	32.335	1	521.8396397	0	-0.089478784	0.60113642	32.84665764				
2331	437	542.3212949	32.335	1	543.8212949	0	-0.089478784	0.60113642	32.84665764				
2358	437	558.2949021	32.366	1	559.7949021	0	-0.089478784	0.599043954	32.87556517				
2733	437	677.3709897	32.335	1	678.8709897	0	-0.089478784	0.60113642	32.84665764				
1275	437	313.273435	32.335	1	314.773435	0	-0.089478784	0.60113642	32.84665764				
2125	437	423.3100658	32.35066667	1	424.8100658	0	-0.089478784	0.600082336	32.86127022				
2134	437	477.3180861	32.35066667	1	478.8180861	0	-0.089478784	0.600082336	32.86127022				
2730	437	672.4157677	32.35066667	1	673.9157677	0	-0.089478784	0.600082336	32.86127022				
3088	437	747.4281447	32.335	1	748.9281447	0	-0.089478784	0.60113642	32.84665764				
5702	437				331.28406				32.83204	534125.4	-0.48137283	-0.9211906	331.28375
5704	437				520.33966				32.846657	8282818.5	-0.49599075	-1.0556881	520.3391
5706	437				542.3213				32.846657	1362808.9	-0.49599075	-1.237987	542.3206
5708	437				558.2949				32.875565	166105.94	-0.5248985	0.0	558.2949
5710	437				677.371				32.846657	2949452.5	-0.5116577	-0.45052975	677.37067
5712	437				313.27344				32.846657	1078152.1	-0.49599075	-0.7793212	313.2732
5714	437				423.31006				32.86127	734075.0	-0.51060486	-1.081391	423.3096
5716	437				477.31808				32.86127	587637.94	-0.51060486	-0.6393551	477.31778
5718	437				672.4158				32.86127	1962816.6	-0.5262718	-0.18153994	672.41565
5720	437				747.42816				32.846657	7742136.0	-0.5116577	-0.16332047	747.42804
2448	440	534.3631289	32.509	1	535.8631289	0	0.070785626	0.589038045	33.16882367				
2453	440	539.3184223	32.5255	1	540.8184223	0	0.070785626	0.58784593	33.18413156				
5740	440				534.36316				33.168823	159035.62	-0.6761551	-0.3426611	534.363
5742	440				539.3184				33.18413	307630.78	-0.67513275	0.6790255	539.3188
983	444	280.2633641	32.788	1	281.7633641	0	0.00670235	0.567822725	33.36252507				
1017	444	302.2453823	32.77166667	1	303.7453823	0	0.00670235	0.569127083	33.3474961				
5768	444				280.26337				33.362526	1068161.8	-0.55836105	0.6533336	280.26355
5770	444				302.2454				33.347496	227063.17	-0.54333115	0.5048477	302.24554
2449	450	536.3791953	33.202	1	537.8791953	0	-0.095738634	0.532124576	33.63838594				
2457	450	541.3342353	33.202	1	542.8342353	0	-0.095738634	0.532124576	33.63838594				
3165	450	893.4862556	33.23383333	1	894.9862556	0	-0.095738634	0.529167139	33.66726184				
5810	450				536.3792				33.638386	123601.766	-0.4363861	-0.34137315	536.379
5812	450				541.3342				33.638386	308669.06	-0.4205551	0.22549897	541.33435
5814	450				893.48627				33.667263	684357.8	-0.44943237	0.81973493	893.487
3167	449	920.5572073	33.16983333	1	922.0572073	0	-0.037829316	0.535081855	33.66708587				
3168	449	925.5126028	33.186	1	927.0126028	0	-0.037829316	0.53359946	33.68177014				
5806	449				920.5572				33.667088	694120.06	-0.49725342	0.66302407	920.5578
5808	449				925.5126				33.68177	1307055.8	-0.5119362	0.6594741	925.5132
2334	457	544.3367542	33.34116667	1	545.8367542	0	-0.061032948	0.51896864	33.79910236				
1767	457	403.2813889	33.372	1	404.7813889	0	-0.061032948	0.51597398	33.82694103				
3092	457	795.48523	33.34116667	1	796.98523	0	-0.061032948	0.51896864	33.79910236				
3166	457	906.4885972	33.372	1	907.9885972	0	-0.061032948	0.51597398	33.82694103				
1824	457	480.3079872	33.372	1	481.8079872	0	-0.061032948	0.51597398	33.82694103				
2302	457	522.3549706	33.34116667	1	523.8549706	0	-0.061032948	0.51896864	33.79910236				
3026	457	717.4173704	33.34116667	1	718.9173704	0	-0.061032948	0.51896864	33.79910236				
3164	457	843.485528	33.40366667	1	844.985528	0	-0.061032948	0.512868074	33.8555018				
5870	457				544.33673				33.799103	802780.5	-0.44260406	0.0	544.33673
5872	457				403.2814				33.826942	618393.4	-0.423275	-0.15134633	403.28134
5874	457				795.4852				33.799103	1195296.2	-0.44260406	0.5370887	795.48566
5876	457				906.4886				33.826942	388353.97	-0.4549446	-0.06733141	906.4885
5878	457				480.30798				33.826942	349155.78	-0.4549446	-0.57183766	480.3077
5880	457				522.355				33.799103	1993416.5	-0.44260406	-0.23369226	522.35486
5882	457				717.41736				33.799103	974692.7	-0.44260406	0.4253811	717.41766
5884	457				843.48553				33.855503	274066.9	-0.45183563	-0.14472128	843.4854
2925	458	607.2544333	33.43516667	1	608.7544333	0	-0.07899152	0.509747972	33.86592312				
5886	458				607.25446				33.865925	164746.53	-0.38209152	0.0	607.25446
3105	459	567.4190525	33.45116667	1	568.9190525	0	-0.021478858	0.508151469	33.93783928				
1757	459	349.273455	33.45116667	1	350.773455	0	-0.021478858	0.508151469	33.93783928				
5888	459				567.41907				33.93784	586251.25	-0.51867294	0.43026513	567.4193
5890	459				349.27347				33.93784	1564521.1	-0.51867294	0.26212335	349.27356
3120	469	615.4401819	34.10983333	1	616.9401819	0	0.072440001	0.435474868	34.6177482				
5940	469				615.4402				34.61775	339804.28	-0.52324677	-0.2975195	615.44
2929	477	621.2701194	34.39166667	1	622.7701194	0	0.045417585	0.400133455	34.83721771				
2933	477	643.2519378	34.39166667	1	644.7519378	0	0.045417585	0.400133455	34.83721771				
5992	477				621.27014				34.83722	3574602.8	-0.429554	0.29472762	621.2703
5994	477				643.25195				34.83722	841536.44	-0.41238785	-0.18977061	643.25183
3083	478	699.4792959	34.45716667	1	700.9792959	0	0.096485079	0.391546893	34.94519864				
5996	478				699.4793				34.945198	154637.16	-0.45619583	-0.26177397	699.4791
1477	483	367.2815747	34.665	1	368.7815747	0	-0.060119267	0.363358183	34.96823892				
6014	483				367.2816				34.96824	478425.12	-0.30324173	0.16618082	367.28165
3072	485	611.4663437	34.729	1	612.9663437	0	0.046558499	0.354386661	35.12994516				
6018	485				611.4664				35.129944	541469.75	-0.3844452	-0.9981769	611.46576
2276	501	451.3753077	35.75533333	1	452.8753077	0	0.051402707	0.19123771	35.99797375				
6104	501				451.3753				35.997974	2994709.8	-0.22697449	0.06761021	451.37534
